DayId,changeSum,sumOfDevice
20141127,143230,3266
20141128,136899,3276
20141129,154679,3235
20141130,194702,3387
20141201,164908,3293
20141202,159073,3260
20141203,147398,3266
20141204,129392,3262
20141205,133605,3347
20141206,168933,3309
20141207,184769,3396
20141208,179519,3304
20141209,188224,3279
20141210,168736,3301
20141211,139366,3346
20141212,154387,3387
20141213,175597,3326
20141214,174583,3434
20141215,146335,3381
20141216,153616,3350
20141217,133566,3347
20141218,130749,3361
20141219,185947,3416
20141220,186579,3403
20141221,182028,3514
20141222,133546,3439
20141223,124924,3341
20141224,115616,3335
20141225,107431,3375
20141226,142349,3405
20141227,192934,3418
20141228,180266,3510
20141229,184330,3442
20141230,165304,3355
20141231,187001,3441
20150101,179558,3317
20150102,160370,3262
20150103,159892,3543
20150104,132456,3561
20150105,137106,3524
20150106,140586,3493
20150107,139489,3508
20150108,153846,3541
20150109,162492,3588
20150110,162595,3573
20150111,180144,3642
20150112,163302,3571
20150113,151816,3543
20150114,141336,3582
20150115,172003,3592
20150116,160159,3639
20150117,162334,3598
20150118,186369,3694
20150119,142025,3636
20150120,126249,3544
20150121,167495,3571
20150122,161403,3686
20150123,154636,3667
20150124,141375,3590
20150125,203261,3690
20150126,183951,3654
20150127,163367,3576
20150128,150798,3590
20150129,161830,3571
20150130,165370,3616
20150131,142555,3599
20150201,173909,3614
20150202,159355,3550
20150203,174912,3509
20150204,169880,3464
20150205,140163,3510
20150206,149768,3520
20150207,145450,3506
20150208,150732,3562
20150209,118600,3510
20150210,130584,3498
20150211,133076,3442
20150212,164864,3444
20150213,169118,3407
20150214,144869,3295
20150215,156296,3148
20150216,164785,3005
20150217,141999,2835
20150218,139146,2688
20150219,168169,2604
20150220,175156,2495
20150221,176848,2556
20150222,170716,2629
20150223,148013,2761
20150224,140565,3179
20150225,136504,3335
20150226,147983,3442
20150227,148193,3580
20150228,190142,3604
20150301,185218,3688
20150302,144640,3661
20150303,166388,3647
20150304,139897,3618
20150305,156201,3713
20150306,172756,3744
20150307,197003,3795
20150308,209991,3885
20150309,174015,3787
20150310,139266,3670
20150311,127057,3721
20150312,134279,3755
20150313,165570,3841
20150314,178199,3806
20150315,169382,3936
20150316,167179,3828
20150317,178415,3742
20150318,204299,3731
20150319,180947,3757
20150320,171727,3789
20150321,181632,3805
20150322,154221,3876
20150323,133468,3760
20150324,158051,3718
20150325,148635,3692
20150326,126240,3748
20150327,119666,3820
20150328,170221,3820
20150329,184070,3837
20150330,144234,3787
20150331,153230,3738
20150401,192624,3682
20150402,183727,3686
20150403,150159,3719
20150404,152568,3546
20150405,186271,3458
20150406,165714,3783
20150407,114997,3744
20150408,126686,3690
20150409,128498,3733
20150410,119750,3775
20150411,172928,3790
20150412,241626,3889
20150413,138178,3780
20150414,120820,3678
20150415,186938,3707
20150416,192220,3733
20150417,211579,3844
20150418,198999,3880
20150419,192672,3941
20150420,140650,3791
20150421,180349,3784
20150422,161055,3765
20150423,152116,3778
20150424,132967,3841
20150425,140275,3861
20150426,167656,3943
20150427,134979,3833
20150428,162293,3800
20150429,146159,3755
20150430,154505,3800
20150501,169058,3687
20150502,169786,3593
20150503,186491,3941
20150504,150396,3882
20150505,123532,3846
20150506,146997,3869
20150507,116281,3862
20150508,129859,3947
20150509,186938,4007
20150510,264280,4090
20150511,189852,3999
20150512,148443,3896
20150513,139295,3829
20150514,145075,3883
20150515,144240,4065
20150516,181711,3981
20150517,204364,4075
20150518,152598,4030
20150519,156255,3885
20150520,128916,3362
20150521,118254,3232
20150522,111777,3180
20150523,117561,3051
20150524,100165,3037
20150525,65044,2871
20150526,6128,645
