change,deviceIdCount
1,8
2,19
3,10
4,14
5,7
6,8
7,6
8,8
9,3
10,12
11,5
12,4
13,1
14,2
15,3
16,6
17,5
18,1
19,1
20,2
21,3
22,4
23,3
24,4
25,7
26,3
27,2
28,3
29,2
30,3
31,1
32,2
33,5
34,3
35,1
36,2
37,2
38,4
39,6
40,5
42,1
43,4
44,5
45,2
46,7
47,2
48,2
49,3
50,2
51,3
52,2
53,3
54,1
56,5
57,2
58,3
59,2
60,4
61,2
62,2
63,2
64,1
65,4
66,5
67,6
68,1
70,3
71,2
72,2
73,6
74,4
75,1
77,2
78,3
79,2
80,1
81,3
82,4
83,4
84,3
85,3
86,1
88,2
89,3
90,2
91,2
92,4
93,2
94,1
95,1
96,2
97,1
98,3
99,3
100,3
101,2
102,2
103,5
104,1
105,1
106,3
107,1
108,3
109,4
110,1
111,2
112,1
113,2
114,2
115,1
116,2
117,6
118,3
119,3
120,4
121,1
126,1
127,2
128,2
130,1
131,1
133,1
134,2
135,3
136,1
137,4
138,2
139,3
140,6
141,3
142,2
145,1
147,1
149,3
150,5
151,2
152,3
153,1
154,1
155,1
156,2
158,1
159,1
160,3
161,2
162,2
163,1
164,1
165,2
166,4
167,5
169,5
170,3
171,3
172,1
173,2
177,3
178,3
179,2
180,3
181,2
182,1
183,2
184,2
185,1
186,4
188,1
189,1
190,2
191,1
192,3
193,3
194,3
195,1
196,5
197,3
198,1
199,3
200,3
201,2
203,5
204,2
205,1
206,1
207,2
208,2
209,1
212,3
213,1
215,1
216,1
220,1
221,2
223,2
224,1
225,2
226,1
227,2
229,2
230,3
231,2
232,3
233,2
234,2
236,1
237,2
238,3
239,3
240,1
241,2
242,1
243,1
244,1
247,1
248,2
249,3
250,2
252,1
254,2
255,3
256,1
257,1
259,2
260,3
261,3
262,2
263,3
264,2
265,4
269,3
270,1
271,3
272,1
273,2
274,2
275,1
277,1
278,2
280,1
283,2
284,2
285,1
286,1
287,2
288,1
289,2
291,3
292,3
294,3
296,2
297,2
298,2
299,4
300,1
301,3
302,2
303,2
304,1
305,3
306,2
307,1
310,1
313,1
315,3
319,1
320,4
321,3
326,1
328,1
329,2
331,1
333,1
334,1
338,1
340,2
342,1
344,1
345,1
346,5
347,1
348,3
350,1
351,1
352,1
353,1
354,3
355,3
356,1
358,1
360,1
362,2
364,2
365,1
366,3
367,3
369,1
372,4
374,1
376,2
377,1
378,1
379,1
380,1
381,1
383,1
384,3
385,3
386,1
388,1
389,2
390,1
391,2
392,1
393,2
395,1
396,1
398,2
399,3
400,1
401,1
402,3
403,1
404,1
405,1
406,2
409,1
411,1
413,2
414,3
415,1
416,2
417,4
418,2
421,1
422,1
423,3
424,2
425,1
428,1
429,1
430,1
431,1
433,1
434,1
435,1
437,1
439,2
440,2
441,3
442,1
443,2
444,3
445,2
447,1
450,2
452,1
454,2
459,1
460,3
461,4
464,2
466,2
468,1
469,1
470,1
472,1
474,2
476,1
477,1
479,1
480,1
481,2
482,1
485,1
487,1
488,1
491,3
492,1
493,2
494,1
495,1
496,2
497,2
498,1
499,2
500,3
502,3
506,1
507,1
508,2
509,2
510,3
512,1
513,2
516,2
517,1
520,1
521,4
523,1
524,2
525,1
527,2
528,1
529,1
530,1
531,1
533,1
535,2
536,4
537,1
538,3
539,1
540,2
541,1
542,2
543,1
546,2
547,2
548,4
549,3
551,2
553,1
554,2
555,1
556,1
558,1
559,3
560,1
561,2
562,2
565,5
567,1
570,1
571,2
572,2
573,1
574,1
575,2
576,1
577,1
578,2
579,2
581,1
583,1
584,1
585,3
586,1
588,1
589,2
592,2
593,4
594,2
596,1
597,1
598,1
599,1
602,1
603,1
604,2
605,1
606,1
607,2
608,2
610,1
611,3
612,1
613,2
614,1
615,1
619,1
620,1
621,1
622,1
624,1
625,1
626,1
627,3
628,2
630,1
633,1
634,1
636,3
637,1
638,1
639,2
641,1
642,1
646,1
647,1
648,1
650,1
652,1
656,3
657,4
658,2
661,2
662,1
664,1
665,4
666,1
667,1
669,1
670,1
671,2
673,1
674,2
675,1
678,1
680,3
683,1
684,1
688,1
690,1
691,1
692,1
693,1
696,1
697,2
698,1
699,1
700,1
701,1
702,1
704,1
705,2
706,2
707,2
709,2
710,2
711,1
712,1
713,1
715,2
717,3
718,2
719,1
720,1
721,2
723,1
724,2
725,2
726,1
729,2
730,1
731,1
732,4
733,1
734,1
735,1
737,2
739,2
741,3
742,1
743,1
744,1
745,2
747,1
748,1
749,1
752,2
753,2
756,2
758,1
759,1
763,2
764,2
769,1
770,1
771,3
773,1
775,1
776,2
779,2
780,1
781,1
784,2
786,2
787,1
790,1
792,1
795,1
796,4
798,2
799,1
800,3
801,1
803,2
804,2
806,1
809,1
810,2
811,1
812,1
813,2
815,1
816,1
817,3
818,1
820,3
822,1
824,1
825,1
826,1
828,2
829,2
830,1
831,2
832,2
833,2
834,1
835,1
836,2
840,1
841,1
842,2
844,2
845,1
846,2
848,5
849,1
850,2
852,3
853,1
856,1
857,1
858,1
859,1
860,1
861,2
862,1
863,2
865,5
868,2
872,1
873,1
874,1
877,1
878,1
879,2
880,3
881,1
882,2
883,1
886,4
888,1
890,3
891,3
894,2
897,4
898,1
899,1
900,1
901,1
902,4
904,2
905,4
906,3
911,2
912,2
913,1
914,1
915,2
916,2
917,2
919,3
920,1
921,1
922,2
923,1
924,3
925,2
927,1
929,1
930,1
931,2
935,1
936,3
937,1
938,2
942,1
943,4
944,1
945,1
946,1
947,3
948,1
949,1
950,1
951,1
952,1
954,1
955,1
958,1
960,1
963,1
964,2
965,2
966,2
972,2
973,2
974,2
977,1
978,2
980,2
981,1
985,2
986,3
987,1
988,2
989,1
990,2
991,1
992,3
994,3
995,1
997,1
998,1
999,1
1000,3
1001,2
1002,1
1003,1
1004,2
1006,1
1007,1
1008,3
1009,1
1012,1
1014,1
1015,1
1016,2
1017,2
1018,1
1020,1
1021,1
1024,1
1025,2
1027,2
1028,3
1030,3
1031,1
1032,1
1034,1
1036,1
1037,1
1039,1
1040,2
1042,3
1044,1
1045,2
1047,1
1050,1
1053,3
1056,3
1057,1
1058,1
1060,3
1065,1
1066,1
1069,2
1070,2
1071,1
1073,1
1075,1
1078,2
1079,2
1081,1
1082,1
1086,1
1087,1
1091,1
1092,1
1096,1
1098,1
1099,2
1100,1
1102,2
1103,1
1105,3
1108,1
1109,2
1110,1
1111,1
1112,3
1113,2
1114,1
1115,3
1116,1
1118,1
1121,2
1123,1
1125,1
1126,3
1128,2
1129,1
1130,3
1131,1
1132,1
1136,1
1139,1
1140,2
1141,2
1147,1
1149,1
1150,2
1151,2
1154,1
1155,4
1156,1
1157,1
1158,2
1159,1
1160,3
1161,4
1162,4
1164,2
1166,1
1167,2
1168,2
1170,2
1172,2
1173,2
1174,2
1175,1
1176,1
1177,3
1178,1
1179,3
1182,2
1183,1
1186,2
1187,1
1188,2
1190,1
1191,1
1193,2
1196,1
1197,1
1198,2
1199,1
1200,2
1201,2
1203,1
1204,1
1206,2
1208,1
1210,1
1214,1
1216,3
1217,1
1219,3
1221,1
1222,2
1223,1
1227,1
1228,1
1230,1
1231,2
1232,3
1233,1
1235,2
1236,2
1238,1
1239,3
1240,2
1242,3
1243,2
1247,2
1248,2
1249,1
1252,1
1260,2
1262,1
1264,2
1267,1
1268,1
1270,2
1272,1
1275,4
1276,2
1278,1
1279,1
1280,1
1281,1
1282,1
1283,1
1284,3
1285,1
1287,2
1292,1
1293,1
1294,1
1296,1
1299,2
1301,2
1303,1
1306,1
1308,1
1309,1
1311,2
1314,2
1315,1
1317,1
1319,1
1320,2
1321,2
1322,4
1323,2
1327,2
1329,1
1330,1
1332,1
1333,2
1334,1
1336,1
1337,1
1339,2
1341,4
1342,2
1343,3
1346,1
1348,2
1349,2
1350,2
1351,1
1352,3
1353,2
1354,1
1356,1
1360,1
1361,1
1363,2
1364,1
1365,4
1367,1
1368,2
1369,1
1370,3
1371,2
1374,2
1376,1
1378,2
1379,1
1380,3
1386,3
1388,1
1389,1
1391,1
1392,4
1393,1
1394,2
1395,2
1398,1
1399,2
1402,1
1403,1
1404,1
1409,1
1412,2
1413,1
1414,4
1416,1
1417,1
1418,1
1419,1
1420,1
1421,1
1422,1
1424,1
1429,2
1430,1
1431,2
1435,1
1436,1
1437,1
1438,1
1439,3
1441,1
1442,1
1445,1
1447,2
1448,1
1449,2
1450,2
1452,1
1453,1
1454,2
1455,1
1456,1
1458,1
1460,1
1462,1
1463,2
1464,4
1465,1
1468,1
1469,2
1471,1
1474,2
1475,1
1477,1
1479,2
1480,2
1481,1
1483,1
1484,2
1486,1
1489,2
1490,1
1495,2
1496,1
1502,1
1503,1
1504,1
1506,1
1507,1
1508,1
1510,1
1511,1
1512,1
1515,3
1516,1
1519,1
1521,2
1522,1
1523,2
1528,1
1529,1
1531,1
1532,2
1533,1
1534,1
1538,3
1539,2
1540,2
1541,2
1542,1
1543,2
1544,1
1546,1
1548,1
1549,1
1550,3
1551,1
1555,2
1556,1
1558,2
1560,1
1561,1
1563,1
1565,1
1566,2
1567,2
1569,2
1573,1
1575,1
1576,1
1578,1
1579,4
1581,1
1583,3
1584,1
1589,1
1590,1
1591,1
1592,1
1593,1
1594,1
1595,1
1598,1
1599,1
1600,2
1605,1
1606,2
1607,1
1608,2
1609,1
1610,2
1613,2
1616,2
1622,2
1626,1
1627,2
1629,2
1630,2
1631,1
1634,1
1635,1
1636,1
1638,2
1639,2
1641,2
1643,3
1644,1
1646,1
1647,1
1650,1
1651,1
1652,2
1653,1
1654,1
1657,1
1659,2
1660,1
1661,3
1662,1
1664,1
1665,2
1667,2
1668,1
1671,2
1673,3
1675,1
1680,2
1682,2
1684,2
1687,2
1688,1
1690,1
1691,2
1693,1
1694,1
1695,1
1696,1
1697,1
1698,1
1700,1
1703,2
1704,1
1706,2
1708,2
1709,1
1710,1
1713,1
1714,2
1715,3
1717,1
1722,1
1724,1
1725,1
1727,3
1731,1
1732,2
1733,2
1734,1
1735,1
1736,1
1737,2
1738,6
1739,1
1740,1
1741,2
1742,2
1747,1
1748,1
1750,2
1751,1
1752,1
1753,1
1757,1
1760,1
1762,1
1763,1
1764,1
1766,2
1768,1
1769,1
1770,2
1771,2
1772,1
1774,1
1776,1
1777,2
1778,2
1780,1
1781,1
1784,1
1786,2
1787,1
1790,2
1792,3
1794,2
1795,1
1798,2
1799,1
1800,1
1801,1
1802,1
1803,1
1807,2
1808,2
1810,2
1812,3
1813,3
1814,2
1815,1
1816,2
1817,1
1819,2
1823,1
1825,1
1826,2
1827,1
1828,1
1829,1
1830,1
1831,1
1832,1
1837,2
1839,2
1842,1
1843,1
1844,1
1845,1
1846,1
1847,3
1849,1
1850,1
1851,1
1853,2
1854,1
1855,2
1856,1
1857,2
1858,1
1861,2
1862,1
1863,2
1864,2
1866,1
1867,1
1870,1
1871,1
1872,2
1874,1
1875,3
1876,1
1877,1
1878,2
1880,1
1881,1
1882,1
1883,1
1884,1
1885,1
1887,2
1888,1
1889,1
1891,1
1894,1
1895,2
1896,1
1899,1
1903,1
1909,1
1911,1
1912,2
1914,2
1916,1
1918,1
1919,1
1922,1
1924,2
1925,5
1926,1
1927,1
1928,2
1929,3
1930,2
1932,2
1937,2
1939,2
1941,2
1942,2
1943,1
1944,2
1945,1
1947,1
1949,2
1952,1
1953,2
1954,1
1955,1
1962,1
1964,2
1966,1
1971,1
1974,1
1975,1
1976,1
1977,3
1978,2
1979,3
1980,2
1983,2
1985,1
1989,1
1991,1
1992,1
1994,2
1997,1
2004,1
2005,3
2006,1
2007,1
2008,1
2009,3
2011,1
2013,3
2015,1
2016,2
2020,1
2021,2
2022,1
2024,2
2025,1
2026,2
2027,1
2028,1
2029,1
2031,2
2032,1
2034,1
2037,1
2038,1
2040,1
2042,2
2044,1
2045,1
2046,1
2047,1
2049,1
2050,1
2053,1
2054,1
2055,2
2056,1
2062,1
2066,1
2068,1
2069,2
2070,1
2072,1
2074,2
2077,3
2079,3
2081,1
2083,2
2084,1
2085,2
2091,1
2092,2
2093,3
2094,1
2095,2
2097,1
2098,2
2100,1
2101,2
2103,1
2104,4
2105,1
2106,1
2108,1
2109,1
2111,1
2112,1
2113,1
2118,1
2119,1
2121,1
2123,1
2124,2
2125,1
2126,2
2127,3
2129,2
2130,1
2131,1
2132,2
2133,1
2134,2
2135,1
2136,1
2139,2
2140,1
2141,1
2145,1
2148,1
2149,1
2150,1
2152,1
2153,1
2154,2
2160,1
2162,1
2164,3
2166,2
2168,2
2169,2
2174,1
2177,3
2178,1
2179,1
2185,1
2186,1
2188,1
2189,2
2190,1
2191,2
2192,1
2196,1
2197,1
2199,1
2200,1
2201,1
2202,3
2203,2
2206,3
2207,1
2210,1
2212,2
2214,1
2215,2
2216,1
2217,2
2223,2
2224,1
2225,1
2226,3
2227,2
2228,1
2229,1
2230,1
2231,1
2232,1
2233,1
2235,1
2237,1
2238,1
2240,1
2241,2
2245,1
2248,2
2250,1
2251,1
2252,2
2255,2
2256,2
2257,2
2260,1
2262,1
2263,1
2264,2
2267,1
2270,1
2271,1
2272,1
2274,1
2276,1
2277,1
2278,1
2280,1
2281,1
2282,1
2283,1
2286,1
2289,2
2296,1
2298,4
2299,3
2300,2
2301,1
2304,1
2307,1
2309,1
2310,1
2313,2
2314,1
2317,2
2321,2
2322,2
2323,4
2324,1
2327,1
2330,2
2332,1
2335,2
2338,1
2339,1
2340,1
2341,2
2350,2
2351,1
2353,1
2354,1
2355,6
2358,1
2360,2
2361,1
2363,1
2364,2
2365,1
2370,1
2373,1
2374,2
2375,1
2376,1
2377,1
2379,1
2380,1
2381,1
2383,2
2384,1
2385,1
2386,1
2388,2
2389,1
2394,2
2395,1
2396,1
2400,1
2401,1
2408,1
2409,1
2410,1
2411,1
2413,1
2414,1
2415,1
2417,1
2418,2
2421,1
2422,2
2424,1
2425,1
2426,2
2428,1
2430,3
2434,1
2440,3
2441,1
2442,2
2443,2
2445,1
2446,1
2447,2
2448,1
2449,1
2453,1
2462,3
2465,1
2466,1
2468,1
2470,1
2473,3
2475,2
2476,2
2477,1
2478,1
2481,1
2491,2
2493,1
2494,1
2495,1
2496,1
2498,1
2499,1
2500,1
2502,1
2505,2
2506,3
2509,1
2517,2
2518,1
2519,2
2520,1
2523,3
2524,1
2527,1
2528,2
2529,1
2530,1
2531,1
2532,5
2534,1
2535,1
2537,1
2539,1
2540,2
2541,1
2542,2
2543,1
2548,2
2551,1
2555,2
2557,1
2559,1
2562,1
2563,2
2565,2
2566,1
2567,2
2573,1
2575,2
2577,1
2582,1
2583,1
2586,2
2587,2
2588,3
2590,1
2593,2
2594,1
2597,1
2600,1
2601,2
2607,1
2611,2
2612,1
2615,3
2617,2
2618,2
2621,1
2623,1
2624,3
2625,1
2626,1
2630,1
2631,1
2632,1
2633,1
2636,1
2637,1
2640,1
2642,1
2646,1
2647,1
2652,2
2653,2
2655,2
2656,1
2657,2
2659,1
2663,1
2664,2
2665,1
2668,1
2672,3
2673,1
2674,2
2675,1
2676,1
2678,1
2681,1
2682,1
2689,1
2691,1
2692,1
2696,2
2698,2
2700,1
2701,1
2702,1
2705,1
2709,2
2712,1
2713,1
2716,2
2717,1
2719,2
2720,1
2721,1
2722,1
2723,1
2726,1
2732,1
2733,2
2735,1
2739,1
2743,1
2747,3
2750,1
2752,3
2753,1
2756,1
2757,1
2763,1
2764,2
2765,2
2767,1
2768,1
2774,2
2775,1
2776,2
2777,1
2778,1
2780,2
2782,1
2785,1
2786,1
2787,1
2788,1
2790,3
2791,1
2794,1
2795,1
2797,1
2798,2
2802,1
2804,1
2810,1
2811,1
2815,2
2817,1
2818,2
2820,1
2821,1
2825,1
2826,2
2831,1
2832,3
2833,1
2834,1
2835,2
2837,2
2838,1
2840,1
2843,1
2845,1
2846,1
2847,1
2848,2
2849,1
2850,2
2851,3
2852,2
2855,1
2859,1
2861,1
2862,1
2867,2
2869,1
2870,1
2871,1
2872,3
2876,2
2877,1
2878,1
2880,3
2881,1
2884,1
2890,2
2891,2
2894,1
2896,1
2898,2
2904,1
2905,1
2907,3
2909,2
2910,1
2911,2
2912,1
2914,1
2921,2
2923,2
2924,2
2925,1
2927,2
2928,1
2931,1
2932,1
2933,1
2934,1
2938,1
2941,1
2942,1
2943,2
2944,1
2946,1
2948,1
2953,4
2959,2
2962,1
2963,1
2966,2
2967,1
2968,1
2969,2
2970,1
2972,1
2973,1
2976,1
2978,1
2981,2
2982,5
2983,2
2985,2
2988,2
2990,1
2992,1
2993,4
2994,1
2995,1
2997,1
2999,1
3001,1
3004,2
3011,1
3012,1
3013,2
3015,3
3016,2
3018,1
3019,1
3020,4
3021,1
3023,1
3024,1
3025,1
3026,1
3028,1
3029,1
3031,2
3032,2
3033,1
3034,1
3035,1
3036,1
3037,1
3040,1
3043,2
3046,2
3047,1
3050,1
3051,1
3054,1
3055,1
3056,2
3057,1
3058,1
3059,1
3061,1
3063,2
3066,1
3067,1
3068,1
3070,1
3073,1
3074,1
3075,1
3077,1
3079,2
3080,1
3082,1
3083,1
3086,1
3087,3
3088,1
3090,1
3091,2
3092,1
3094,2
3095,2
3098,1
3100,2
3102,1
3107,3
3109,2
3112,1
3115,1
3118,2
3119,1
3121,2
3123,1
3124,1
3131,2
3132,1
3134,1
3135,2
3137,2
3138,1
3139,1
3142,1
3146,1
3153,1
3154,1
3155,1
3159,1
3160,1
3162,2
3164,1
3166,1
3167,1
3171,2
3173,1
3174,1
3175,1
3176,1
3183,1
3184,3
3186,1
3191,1
3192,1
3195,1
3196,1
3197,2
3201,1
3204,1
3205,1
3206,1
3209,1
3212,2
3213,1
3215,1
3221,2
3222,1
3223,1
3224,1
3226,1
3227,1
3229,2
3232,1
3233,1
3234,1
3236,1
3238,2
3239,1
3240,2
3241,2
3243,4
3245,2
3247,1
3256,1
3257,1
3258,1
3259,1
3262,2
3263,1
3268,1
3273,1
3274,2
3276,2
3278,2
3279,1
3280,1
3284,1
3285,3
3286,1
3287,2
3290,1
3291,2
3295,1
3296,3
3297,2
3298,1
3299,1
3300,2
3301,2
3305,1
3306,1
3308,1
3309,2
3310,1
3315,1
3316,2
3317,3
3318,1
3319,1
3321,1
3322,1
3323,1
3325,1
3326,2
3327,1
3328,1
3329,1
3332,2
3337,1
3338,1
3339,2
3340,1
3341,1
3342,1
3343,2
3344,1
3346,1
3347,1
3348,1
3351,1
3355,1
3356,1
3357,2
3358,1
3359,1
3360,1
3361,1
3364,1
3367,1
3371,1
3372,1
3374,1
3381,1
3383,1
3384,1
3385,1
3389,2
3391,1
3392,2
3395,1
3398,3
3399,1
3400,2
3401,1
3403,1
3405,2
3408,1
3416,1
3418,1
3419,1
3420,2
3421,4
3423,2
3424,1
3428,2
3429,2
3432,1
3433,1
3434,1
3436,1
3439,2
3440,1
3441,3
3442,1
3443,2
3446,1
3448,2
3450,3
3451,1
3453,1
3454,1
3456,1
3457,3
3460,1
3461,1
3462,2
3467,2
3468,2
3472,1
3473,1
3474,2
3475,1
3482,1
3483,1
3484,2
3486,4
3487,1
3490,1
3492,1
3496,2
3498,1
3501,2
3503,1
3504,1
3509,1
3512,1
3518,1
3519,2
3520,1
3521,1
3523,1
3524,2
3525,2
3530,2
3531,1
3537,1
3540,1
3542,2
3543,1
3544,1
3545,1
3547,1
3550,1
3551,3
3554,1
3555,2
3556,1
3557,1
3560,1
3561,1
3565,1
3566,2
3571,2
3573,1
3574,1
3575,1
3580,1
3581,2
3586,1
3589,1
3591,1
3593,1
3597,1
3598,1
3599,1
3601,2
3602,1
3607,1
3609,1
3610,1
3611,1
3612,1
3613,1
3617,1
3618,1
3621,1
3623,1
3626,1
3627,1
3628,1
3632,1
3642,2
3643,1
3645,1
3652,1
3660,4
3662,1
3663,2
3664,1
3665,1
3666,1
3667,1
3670,1
3671,1
3675,1
3677,1
3684,1
3687,1
3688,1
3689,1
3690,1
3691,1
3692,1
3693,2
3695,1
3698,1
3699,1
3701,1
3709,1
3711,1
3712,1
3715,2
3720,1
3722,1
3723,3
3726,1
3727,1
3728,1
3729,1
3733,1
3734,1
3737,2
3739,1
3740,1
3741,1
3742,1
3743,1
3745,1
3748,1
3749,2
3750,3
3753,1
3758,1
3759,1
3760,1
3761,1
3762,1
3764,1
3766,1
3769,2
3770,1
3771,2
3773,1
3777,1
3778,1
3781,1
3783,3
3784,5
3786,1
3789,1
3790,1
3794,1
3795,1
3798,1
3799,1
3800,1
3802,1
3803,1
3806,3
3811,1
3815,1
3816,1
3818,1
3819,1
3821,1
3825,1
3831,1
3833,1
3834,1
3835,1
3838,2
3840,2
3841,1
3842,1
3843,1
3844,2
3845,1
3849,1
3850,1
3851,1
3852,1
3854,1
3857,2
3868,1
3871,1
3872,1
3875,2
3877,1
3880,1
3881,1
3883,1
3884,1
3885,2
3889,1
3891,2
3893,1
3898,1
3899,1
3902,1
3905,2
3906,1
3907,1
3908,1
3910,1
3912,1
3917,1
3918,1
3920,2
3923,1
3924,1
3925,1
3928,1
3929,2
3936,1
3937,2
3939,1
3940,1
3951,1
3952,1
3953,1
3954,1
3956,2
3958,1
3959,1
3961,1
3962,1
3967,1
3970,1
3975,2
3976,2
3978,1
3981,2
3983,1
3989,2
3995,2
3996,1
3999,1
4005,1
4006,2
4007,1
4009,1
4012,1
4018,1
4021,1
4026,1
4030,1
4032,1
4035,1
4040,1
4042,2
4044,2
4045,1
4048,1
4049,1
4053,1
4056,2
4060,1
4063,2
4069,1
4071,2
4072,1
4076,1
4078,1
4082,1
4083,1
4085,1
4088,1
4091,1
4092,1
4095,1
4097,1
4098,1
4102,2
4103,1
4104,1
4106,3
4108,1
4111,1
4116,1
4118,1
4122,1
4126,2
4128,1
4130,2
4135,1
4139,1
4144,1
4145,2
4147,1
4148,1
4149,2
4154,3
4155,1
4156,1
4162,2
4163,1
4164,1
4165,1
4166,2
4167,1
4169,1
4170,1
4172,3
4178,1
4179,1
4181,1
4182,1
4184,1
4186,1
4190,1
4200,1
4203,1
4206,1
4207,1
4208,1
4209,1
4214,1
4215,1
4216,1
4217,1
4222,2
4224,1
4227,1
4229,1
4235,1
4236,1
4239,1
4241,2
4244,1
4247,1
4248,2
4249,1
4251,3
4255,1
4256,1
4259,2
4262,1
4263,1
4265,2
4266,1
4272,1
4274,2
4276,1
4278,1
4280,1
4283,1
4284,1
4290,2
4292,1
4297,1
4298,2
4305,1
4311,1
4313,1
4317,1
4318,1
4321,1
4322,1
4325,1
4332,2
4333,1
4334,1
4337,1
4339,2
4341,1
4342,1
4344,1
4345,1
4346,1
4348,1
4350,1
4351,1
4353,1
4354,1
4360,1
4361,1
4363,1
4365,1
4367,1
4368,1
4369,1
4371,1
4372,1
4373,1
4374,1
4376,1
4377,2
4379,1
4380,1
4382,1
4383,2
4386,1
4387,1
4391,1
4393,1
4398,2
4405,1
4406,1
4407,1
4408,1
4409,1
4410,1
4412,3
4415,1
4417,1
4420,2
4421,3
4423,1
4426,1
4428,1
4429,1
4432,2
4433,1
4437,1
4451,1
4452,1
4455,1
4456,1
4465,1
4471,2
4474,1
4475,1
4480,2
4481,1
4486,1
4491,1
4496,1
4501,1
4505,2
4508,1
4509,1
4510,1
4511,1
4512,1
4517,1
4519,2
4520,2
4524,1
4525,1
4526,1
4527,1
4529,1
4531,1
4532,1
4534,1
4536,2
4537,2
4539,1
4540,2
4541,1
4546,1
4551,1
4553,1
4554,1
4555,1
4557,1
4558,1
4562,2
4564,1
4565,3
4566,1
4567,1
4569,1
4577,1
4578,1
4581,2
4583,1
4585,2
4586,2
4588,1
4589,1
4593,1
4600,1
4603,1
4605,1
4606,1
4611,1
4613,1
4614,1
4615,2
4626,1
4629,2
4632,1
4634,2
4638,1
4640,2
4643,1
4646,1
4647,1
4648,1
4658,1
4659,1
4664,1
4667,1
4668,1
4669,2
4674,1
4681,1
4686,1
4693,1
4695,1
4696,1
4697,1
4701,1
4702,1
4706,1
4708,1
4709,1
4711,1
4714,1
4715,2
4718,2
4721,3
4724,2
4725,1
4729,1
4731,1
4732,1
4733,1
4734,1
4738,2
4742,1
4743,1
4744,1
4747,1
4752,1
4755,1
4757,2
4760,1
4762,1
4768,1
4770,2
4780,2
4785,1
4794,1
4799,1
4808,2
4813,1
4814,1
4815,1
4823,1
4827,2
4834,1
4835,1
4840,1
4841,1
4846,1
4847,1
4850,1
4852,1
4854,1
4855,1
4857,1
4864,1
4867,1
4870,1
4871,1
4879,2
4882,1
4886,1
4887,1
4890,1
4896,1
4897,1
4898,1
4901,2
4909,1
4911,1
4912,1
4919,2
4921,2
4922,1
4923,2
4924,1
4926,1
4928,1
4929,1
4931,1
4933,1
4934,2
4935,3
4939,1
4940,1
4945,1
4950,1
4951,1
4952,2
4953,1
4955,1
4958,1
4962,1
4965,1
4969,1
4970,2
4971,1
4972,1
4977,2
4978,1
4979,1
4982,2
4987,1
4988,1
4989,1
4994,1
4995,1
4997,1
4999,1
5000,1
5001,1
5003,1
5006,1
5008,1
5009,1
5011,1
5012,2
5013,2
5016,1
5018,1
5021,1
5024,1
5027,1
5028,1
5038,1
5039,1
5043,1
5044,1
5048,1
5054,1
5055,1
5058,1
5064,4
5065,1
5066,2
5067,1
5068,3
5073,1
5077,1
5084,1
5086,1
5091,1
5095,1
5098,1
5099,1
5100,1
5101,1
5102,1
5105,1
5108,1
5109,1
5112,1
5115,1
5122,3
5124,1
5127,2
5130,1
5131,2
5132,2
5134,1
5135,2
5136,1
5139,1
5140,1
5145,1
5149,1
5150,2
5155,2
5157,1
5162,1
5167,1
5168,3
5170,1
5173,1
5180,3
5182,1
5185,1
5192,1
5194,1
5200,1
5201,1
5203,1
5205,1
5206,2
5210,1
5211,1
5215,1
5218,1
5220,1
5222,1
5225,1
5227,2
5228,1
5233,1
5235,2
5236,1
5238,1
5246,1
5247,1
5249,1
5253,1
5254,1
5256,1
5257,1
5262,1
5263,1
5270,1
5271,2
5273,1
5275,2
5276,1
5284,1
5285,2
5289,2
5290,1
5291,1
5292,1
5293,1
5294,1
5296,1
5298,1
5299,1
5300,1
5306,1
5311,1
5312,1
5319,1
5320,1
5322,1
5323,2
5325,1
5327,2
5328,1
5330,2
5333,1
5335,1
5336,1
5339,1
5340,1
5342,1
5344,2
5345,1
5349,1
5350,1
5351,1
5354,1
5360,1
5361,1
5362,2
5363,1
5364,1
5373,1
5374,2
5377,1
5382,1
5383,1
5384,2
5390,2
5392,1
5393,1
5398,1
5399,1
5400,2
5401,1
5402,1
5408,1
5409,2
5411,1
5415,1
5416,1
5419,1
5425,1
5426,1
5427,1
5431,1
5432,1
5434,1
5435,2
5436,1
5438,1
5439,1
5441,1
5447,1
5451,1
5456,1
5462,2
5464,1
5467,1
5469,1
5470,1
5472,1
5475,1
5479,1
5480,1
5484,1
5493,1
5496,1
5497,1
5498,1
5502,1
5503,1
5505,2
5507,1
5508,1
5511,1
5513,1
5520,1
5521,1
5524,1
5535,1
5536,1
5542,2
5543,1
5545,1
5547,1
5548,1
5556,3
5559,1
5562,1
5563,1
5564,1
5565,1
5569,1
5570,4
5573,1
5574,1
5577,1
5582,3
5583,2
5587,1
5588,1
5589,1
5596,1
5597,1
5598,1
5599,2
5601,1
5602,1
5606,1
5607,1
5611,1
5612,1
5616,2
5619,1
5621,2
5623,1
5626,1
5627,1
5628,1
5632,3
5635,1
5636,1
5637,1
5639,1
5644,1
5646,1
5648,1
5649,2
5654,1
5656,1
5661,1
5662,1
5663,1
5672,2
5677,1
5678,1
5679,1
5681,1
5684,1
5693,1
5694,1
5697,1
5705,1
5707,1
5708,1
5710,1
5714,1
5716,1
5725,3
5726,1
5732,1
5733,1
5735,1
5739,1
5746,1
5748,2
5750,1
5759,2
5764,1
5767,1
5772,1
5774,1
5776,1
5784,1
5792,2
5794,1
5798,1
5802,2
5806,1
5807,1
5808,1
5814,2
5815,1
5817,1
5819,1
5825,1
5828,1
5829,1
5833,1
5834,1
5844,1
5845,1
5849,2
5854,1
5856,1
5860,1
5861,2
5864,1
5865,1
5868,1
5869,1
5875,1
5879,4
5882,1
5885,1
5887,1
5890,1
5891,1
5893,1
5896,1
5899,1
5900,2
5908,1
5920,1
5922,1
5926,1
5929,1
5931,1
5936,1
5937,1
5943,1
5944,2
5945,1
5951,1
5952,1
5955,1
5959,1
5963,1
5974,1
5975,1
5978,1
5982,1
5986,1
5991,1
5992,1
5993,1
5995,1
5999,1
6001,2
6003,1
6005,1
6006,1
6011,1
6014,1
6017,1
6018,1
6019,2
6026,1
6034,1
6037,3
6038,1
6039,2
6040,1
6044,1
6045,1
6048,1
6051,2
6053,1
6065,1
6068,1
6071,1
6074,1
6075,1
6078,1
6082,1
6089,1
6091,1
6095,1
6098,1
6107,2
6108,1
6110,1
6111,1
6112,1
6113,1
6117,1
6119,1
6121,1
6125,1
6126,1
6127,2
6128,1
6130,2
6132,2
6136,2
6138,1
6141,1
6144,1
6146,1
6147,1
6153,1
6155,1
6157,1
6162,1
6163,1
6167,1
6168,1
6171,1
6172,3
6175,1
6176,1
6177,2
6184,1
6185,1
6190,1
6196,1
6200,1
6203,1
6204,1
6207,1
6209,3
6210,1
6211,1
6216,1
6222,1
6223,1
6225,2
6228,1
6229,1
6232,1
6234,1
6258,1
6266,1
6267,2
6269,1
6272,1
6273,1
6274,1
6276,1
6279,1
6280,1
6283,1
6291,1
6298,1
6301,1
6303,1
6306,1
6311,1
6313,1
6320,1
6321,1
6325,1
6326,1
6328,1
6333,1
6334,1
6335,1
6338,1
6342,1
6345,1
6346,1
6347,1
6354,1
6355,1
6358,2
6359,1
6366,1
6367,1
6369,1
6370,2
6372,1
6373,2
6375,1
6382,2
6386,1
6389,1
6390,1
6391,1
6392,1
6393,2
6398,1
6399,2
6402,1
6403,1
6405,1
6406,1
6409,1
6414,3
6423,2
6425,2
6429,1
6433,1
6440,1
6445,1
6447,1
6449,1
6452,2
6453,2
6457,1
6460,1
6464,2
6471,1
6472,1
6473,1
6474,1
6483,1
6486,2
6497,1
6498,1
6499,1
6503,2
6505,1
6507,1
6508,3
6516,1
6519,3
6526,1
6527,1
6529,1
6534,1
6536,1
6540,1
6543,1
6544,1
6548,1
6550,2
6552,2
6559,1
6566,2
6568,1
6572,1
6577,1
6594,1
6597,1
6598,1
6602,1
6609,2
6610,1
6612,1
6613,1
6615,1
6618,1
6627,1
6629,2
6630,1
6634,1
6635,2
6636,1
6638,1
6639,1
6642,2
6643,2
6646,1
6648,1
6650,1
6653,2
6655,1
6661,3
6671,1
6677,2
6680,1
6682,1
6683,1
6689,1
6691,1
6708,1
6712,1
6715,1
6721,3
6722,1
6726,1
6728,3
6734,1
6740,3
6742,2
6743,1
6757,1
6759,1
6760,1
6769,1
6777,2
6783,1
6784,1
6785,1
6799,1
6800,1
6804,1
6806,2
6810,1
6815,1
6820,2
6824,1
6830,1
6836,1
6837,1
6839,1
6840,2
6842,1
6844,2
6846,1
6847,1
6849,1
6851,2
6857,1
6858,2
6860,1
6861,1
6866,1
6869,1
6874,1
6881,2
6885,1
6890,2
6892,1
6894,1
6902,1
6905,1
6910,2
6911,1
6920,2
6924,1
6926,1
6928,2
6935,1
6936,1
6937,1
6943,1
6944,1
6949,1
6950,1
6951,1
6955,1
6957,1
6959,1
6962,1
6971,1
6972,1
6973,1
6975,1
6977,1
6982,1
6986,1
6987,1
6991,1
6997,1
7002,1
7004,1
7012,1
7015,1
7018,1
7020,1
7024,1
7025,1
7026,1
7036,1
7037,1
7038,1
7039,1
7040,1
7051,1
7052,1
7053,1
7056,1
7062,1
7068,1
7072,1
7075,1
7078,1
7079,1
7089,1
7090,1
7094,2
7095,1
7099,1
7102,1
7103,1
7110,1
7111,1
7120,1
7123,1
7126,1
7128,1
7137,1
7139,1
7140,1
7141,1
7143,1
7145,1
7146,1
7152,1
7160,1
7163,1
7171,1
7174,1
7176,2
7179,1
7180,1
7187,1
7189,1
7190,1
7194,2
7199,2
7201,1
7204,1
7206,1
7216,1
7218,1
7219,1
7220,1
7223,1
7228,2
7229,1
7232,1
7233,2
7243,1
7244,1
7249,1
7263,1
7269,1
7276,1
7278,1
7279,1
7280,1
7282,1
7285,1
7286,1
7288,1
7290,1
7292,1
7293,1
7296,2
7301,1
7304,1
7305,1
7306,1
7307,1
7311,1
7315,1
7318,1
7324,2
7325,1
7329,3
7331,1
7334,1
7336,1
7344,1
7346,1
7349,2
7350,1
7351,1
7355,1
7356,1
7364,1
7368,1
7370,1
7372,1
7374,1
7376,1
7380,1
7392,1
7394,1
7395,1
7399,1
7402,1
7407,1
7409,1
7410,1
7419,1
7421,1
7423,1
7430,1
7435,1
7445,1
7446,2
7448,1
7450,1
7452,1
7453,1
7462,1
7463,1
7467,1
7473,1
7480,2
7486,1
7490,1
7491,1
7493,1
7495,1
7498,2
7499,1
7503,1
7505,1
7506,1
7507,1
7513,1
7517,1
7520,1
7521,1
7528,1
7531,1
7532,1
7533,1
7534,1
7538,2
7539,1
7541,1
7543,1
7549,2
7550,1
7552,1
7554,1
7561,1
7562,1
7568,1
7586,3
7591,1
7594,1
7597,1
7598,1
7599,1
7602,1
7603,1
7609,1
7619,1
7623,1
7626,2
7630,2
7632,1
7634,1
7635,1
7640,1
7642,1
7644,1
7647,1
7652,1
7657,1
7660,1
7663,2
7667,1
7668,2
7669,1
7670,1
7676,1
7684,1
7687,1
7688,1
7692,1
7694,2
7699,1
7700,1
7704,1
7706,1
7710,3
7714,1
7717,1
7721,1
7723,1
7727,2
7730,1
7738,1
7739,1
7741,1
7750,1
7759,1
7765,2
7767,1
7775,1
7776,1
7789,1
7791,1
7796,1
7799,1
7800,1
7819,1
7825,2
7826,1
7838,1
7840,1
7844,1
7846,1
7848,1
7855,1
7860,1
7861,1
7862,1
7869,1
7875,1
7883,1
7887,1
7889,1
7893,1
7898,1
7899,2
7903,1
7908,1
7914,1
7915,1
7920,2
7923,1
7925,1
7931,1
7932,1
7934,1
7936,1
7947,1
7961,1
7970,1
7975,1
7977,1
7978,1
7981,1
7983,1
7985,2
7986,1
7994,1
7995,1
7996,1
8002,1
8006,1
8024,1
8026,1
8028,1
8029,1
8030,1
8035,1
8044,1
8051,2
8061,1
8064,1
8066,1
8076,2
8077,1
8078,3
8080,1
8091,1
8093,1
8100,1
8106,1
8113,1
8116,1
8117,1
8128,1
8132,1
8136,1
8139,1
8149,1
8160,1
8161,2
8164,1
8166,1
8170,1
8171,1
8174,1
8177,1
8181,1
8185,1
8186,1
8187,1
8188,1
8191,1
8195,1
8199,3
8207,1
8217,1
8224,1
8225,1
8228,1
8234,1
8244,1
8246,1
8247,1
8260,1
8266,1
8274,1
8287,1
8293,1
8295,1
8297,1
8299,1
8304,1
8310,1
8313,1
8315,1
8316,1
8323,1
8326,1
8328,1
8329,1
8340,1
8348,1
8352,1
8359,1
8370,1
8371,2
8375,1
8377,1
8380,1
8384,1
8393,1
8398,1
8402,1
8420,1
8427,1
8428,1
8431,1
8436,1
8444,1
8449,1
8455,1
8457,1
8458,1
8464,1
8469,2
8473,1
8475,1
8477,1
8478,1
8479,1
8481,2
8494,1
8506,3
8508,1
8510,1
8513,1
8516,1
8525,1
8526,1
8528,1
8535,1
8538,1
8539,1
8543,1
8545,1
8547,1
8548,1
8586,1
8598,1
8600,1
8601,1
8602,1
8612,1
8620,1
8623,2
8627,1
8628,1
8630,2
8631,1
8632,2
8637,1
8638,1
8642,1
8648,1
8652,1
8653,1
8655,1
8667,1
8670,1
8673,1
8676,1
8679,1
8680,1
8687,1
8690,1
8699,1
8701,1
8705,1
8706,2
8712,1
8713,1
8718,1
8731,1
8739,2
8744,1
8756,1
8757,1
8771,1
8775,1
8776,1
8778,1
8782,1
8785,1
8788,1
8793,1
8796,1
8803,3
8806,1
8817,1
8823,1
8824,1
8836,1
8837,1
8841,2
8844,1
8845,1
8849,1
8857,1
8861,1
8862,1
8869,1
8870,1
8877,1
8880,1
8889,1
8891,1
8900,1
8901,1
8913,2
8918,1
8920,1
8928,1
8935,2
8936,1
8940,1
8946,1
8949,1
8950,1
8952,1
8953,1
8959,2
8964,1
8970,2
8971,1
8977,1
8982,1
8989,1
8990,1
8991,2
8993,1
9007,1
9014,2
9017,1
9018,1
9025,1
9028,1
9039,2
9042,1
9053,1
9056,1
9069,1
9071,1
9083,1
9088,1
9099,1
9102,1
9110,1
9118,1
9121,1
9128,1
9134,1
9135,1
9136,1
9137,1
9138,1
9140,1
9148,1
9150,2
9153,1
9155,1
9157,1
9182,1
9187,1
9193,1
9195,2
9206,1
9212,1
9214,1
9219,1
9250,1
9256,2
9258,1
9263,1
9268,1
9279,1
9281,1
9288,1
9302,1
9306,1
9313,1
9315,1
9319,1
9323,1
9324,1
9325,1
9326,1
9330,1
9336,1
9342,1
9343,1
9348,1
9349,1
9358,1
9359,1
9374,1
9379,1
9390,1
9392,1
9398,1
9400,1
9403,1
9418,1
9419,1
9438,1
9455,1
9463,1
9464,1
9476,1
9477,1
9487,1
9489,1
9490,1
9492,1
9500,1
9507,1
9511,1
9519,1
9529,1
9533,1
9540,1
9543,2
9546,1
9558,1
9563,1
9564,1
9565,1
9576,1
9579,1
9581,1
9582,1
9583,1
9590,1
9594,3
9597,3
9599,2
9604,1
9616,1
9617,1
9618,1
9628,1
9635,1
9638,1
9646,1
9649,1
9652,1
9657,1
9658,1
9676,1
9679,1
9684,1
9690,1
9702,1
9703,1
9714,1
9715,1
9717,1
9724,1
9731,1
9742,2
9743,1
9754,2
9756,2
9759,1
9778,1
9791,1
9797,1
9804,1
9815,1
9820,1
9845,1
9869,1
9870,1
9872,1
9879,1
9891,1
9901,1
9902,1
9904,1
9906,1
9908,1
9910,1
9915,1
9918,1
9921,1
9924,1
9930,1
9948,1
9950,2
9967,1
9973,1
9984,1
9992,1
9993,1
9997,1
10015,1
10025,1
10031,1
10033,1
10035,2
10046,1
10049,1
10052,1
10055,1
10057,1
10062,1
10069,1
10075,1
10081,1
10088,1
10097,1
10113,1
10114,1
10120,1
10122,2
10142,1
10150,1
10159,1
10183,1
10184,1
10185,1
10194,1
10196,1
10209,1
10225,1
10232,1
10238,1
10241,1
10250,1
10257,1
10258,1
10259,1
10269,1
10280,1
10282,1
10287,1
10298,1
10303,1
10306,1
10310,1
10324,1
10334,1
10335,1
10345,1
10353,1
10360,1
10365,1
10369,1
10383,1
10384,2
10386,1
10392,1
10393,1
10409,1
10419,1
10421,1
10424,1
10448,1
10450,1
10453,1
10460,1
10462,1
10469,1
10481,2
10484,1
10486,2
10487,1
10498,1
10510,1
10515,1
10516,1
10518,1
10536,1
10538,2
10556,1
10569,1
10574,1
10595,1
10602,1
10604,1
10610,1
10636,1
10637,2
10649,1
10657,1
10667,1
10677,1
10684,1
10685,1
10696,1
10697,1
10709,1
10719,1
10727,1
10729,1
10731,1
10739,1
10745,1
10761,1
10763,1
10782,1
10783,1
10789,1
10795,1
10807,1
10824,1
10829,1
10863,1
10865,1
10870,2
10888,1
10901,1
10904,1
10908,1
10917,1
10922,1
10925,1
10931,1
10932,1
10941,1
10953,1
10954,1
10956,1
10964,1
10968,1
10982,1
10988,1
10998,1
11000,1
11002,1
11003,1
11014,1
11019,1
11020,1
11021,1
11023,1
11028,1
11044,1
11050,1
11065,1
11080,1
11089,1
11091,1
11092,1
11094,1
11099,1
11106,1
11107,1
11145,1
11151,1
11168,1
11177,1
11183,1
11192,1
11193,1
11196,1
11227,1
11241,1
11258,1
11262,1
11293,1
11297,1
11331,1
11332,1
11333,2
11335,1
11344,1
11366,1
11378,1
11380,1
11384,1
11387,1
11389,1
11396,1
11402,1
11411,2
11414,1
11428,1
11433,1
11436,1
11470,1
11472,1
11481,2
11509,1
11513,1
11518,1
11525,1
11528,1
11539,1
11553,1
11565,1
11582,1
11625,1
11636,1
11641,1
11663,1
11691,1
11695,1
11698,1
11709,1
11732,1
11738,1
11744,1
11745,1
11749,1
11755,1
11764,1
11772,1
11795,1
11799,1
11804,1
11814,1
11821,1
11845,1
11867,1
11872,1
11894,1
11898,1
11906,1
11917,1
11938,2
11949,1
11958,1
11960,1
11974,1
11997,1
11999,1
12004,1
12014,1
12015,1
12017,1
12018,1
12024,1
12030,1
12036,1
12039,1
12060,1
12062,1
12066,1
12075,1
12083,1
12091,1
12096,2
12102,1
12104,1
12115,1
12129,1
12147,1
12148,1
12157,1
12170,1
12189,1
12201,1
12206,1
12210,1
12216,1
12225,1
12227,1
12265,1
12270,2
12281,1
12284,2
12333,1
12350,1
12373,1
12388,1
12403,1
12414,1
12426,1
12430,1
12461,1
12473,1
12474,1
12486,1
12500,1
12511,1
12513,1
12521,1
12533,1
12548,1
12559,1
12571,1
12574,1
12578,1
12579,1
12599,1
12603,1
12634,1
12653,1
12691,1
12695,1
12722,1
12728,1
12761,1
12765,1
12770,1
12774,1
12777,1
12779,1
12808,1
12817,1
12826,1
12842,1
12845,1
12862,1
12870,1
12886,1
12887,1
12919,1
12932,2
12935,1
12938,1
12946,1
12960,1
12963,1
12974,1
13030,1
13038,1
13099,1
13101,1
13116,1
13120,1
13142,1
13144,1
13157,1
13161,1
13183,1
13191,1
13194,1
13199,1
13207,1
13279,2
13305,1
13329,1
13395,1
13399,1
13400,1
13411,2
13419,1
13422,1
13424,1
13457,1
13474,1
13521,1
13524,1
13534,1
13548,1
13559,1
13573,1
13575,1
13626,1
13631,1
13650,1
13661,1
13671,1
13676,1
13677,1
13685,1
13714,1
13720,1
13727,1
13728,1
13741,1
13753,1
13782,1
13803,1
13818,1
13823,1
13845,1
13849,1
13868,1
13977,1
13980,1
13981,1
13992,1
14011,1
14015,1
14026,1
14033,1
14067,1
14076,1
14087,1
14093,1
14098,1
14101,1
14108,1
14148,1
14156,1
14159,1
14167,2
14169,1
14202,1
14205,1
14206,1
14273,1
14285,1
14303,1
14349,1
14351,1
14359,1
14373,2
14374,1
14376,1
14378,1
14383,2
14392,1
14438,1
14450,1
14457,1
14468,1
14478,1
14479,1
14506,1
14511,1
14523,1
14526,1
14538,1
14608,1
14649,1
14650,1
14663,1
14681,1
14703,1
14713,1
14717,1
14743,1
14780,1
14801,2
14803,1
14805,1
14809,1
14831,1
14835,1
14839,1
14846,1
14863,1
14893,1
14954,1
14982,1
15000,1
15119,1
15124,1
15132,1
15134,1
15141,1
15155,1
15168,2
15189,1
15221,1
15229,1
15260,1
15286,1
15291,2
15335,1
15344,1
15349,1
15366,1
15378,1
15384,1
15416,1
15472,1
15540,1
15565,1
15590,1
15631,1
15641,1
15648,1
15664,1
15668,1
15696,1
15737,1
15764,2
15773,2
15777,1
15799,1
15823,1
15889,1
15892,1
15925,1
15986,1
16040,1
16072,1
16087,1
16111,1
16115,1
16129,1
16152,1
16163,1
16173,1
16218,1
16238,1
16258,1
16279,1
16312,1
16341,1
16361,1
16365,1
16377,1
16396,1
16435,1
16441,1
16457,1
16491,1
16508,1
16535,1
16548,1
16551,1
16563,1
16566,1
16587,1
16648,1
16664,1
16671,1
16712,1
16769,1
16828,1
16839,1
16863,1
16864,1
16871,1
17098,1
17103,1
17162,1
17171,1
17187,1
17225,1
17286,1
17321,1
17383,1
17467,1
17494,1
17501,1
17507,1
17514,1
17555,1
17592,1
17595,1
17623,1
17624,1
17629,1
17648,1
17690,1
17732,1
17734,1
17764,1
17776,1
17788,1
17794,1
17834,1
17837,1
17847,1
17892,1
17953,1
17970,1
18000,1
18005,1
18012,1
18109,1
18177,1
18189,1
18210,1
18241,1
18252,1
18499,1
18520,1
18522,1
18523,1
18549,1
18582,1
18678,1
18796,1
18887,1
18893,1
18914,1
19033,1
19099,1
19158,1
19361,1
19365,1
19387,1
19395,1
19535,1
19647,1
19681,1
19837,1
19845,1
20014,1
20047,1
20090,1
20133,1
20265,1
20396,1
20430,1
20458,1
20656,1
20775,1
20778,1
20876,1
20896,1
20942,1
20944,1
20973,1
21039,1
21746,1
21856,1
21873,1
22032,1
22143,1
22145,1
22295,1
22371,1
22584,1
22657,1
22694,1
22754,1
22828,1
22961,1
23021,1
23162,1
23192,1
23307,1
23358,1
23593,1
23599,1
23692,1
23734,1
23792,1
24357,1
24358,1
24386,1
24395,1
24434,1
24518,1
24619,1
24863,1
25319,1
25668,1
25835,1
26004,1
26159,1
27756,1
27939,1
27956,1
28405,1
28541,1
28641,1
28686,1
30731,1
31447,1
31614,1
31753,1
32418,1
33928,1
34243,1
41092,1
55859,1
